50
0 1 903
0 2 695
0 3 980
0 4 373
0 5 418
0 6 312
0 7 1053
0 8 554
0 9 117
0 10 361
0 11 444
0 12 155
0 13 415
0 14 708
0 15 208
0 16 843
0 17 1111
0 18 73
0 19 1107
0 20 1065
0 21 446
0 22 1002
0 23 1119
0 24 462
0 25 577
0 26 686
0 27 857
0 28 863
0 29 274
0 30 1095
0 31 384
0 32 296
0 33 341
0 34 1170
0 35 936
0 36 365
0 37 516
0 38 144
0 39 318
0 40 985
0 41 146
0 42 127
0 43 1155
0 44 1086
0 45 632
0 46 248
0 47 620
0 48 464
0 49 28
1 2 662
1 3 180
1 4 448
1 5 511
1 6 416
1 7 606
1 8 793
1 9 225
1 10 502
1 11 986
1 12 795
1 13 772
1 14 332
1 15 744
1 16 945
1 17 91
1 18 837
1 19 963
1 20 1114
1 21 629
1 22 1148
1 23 612
1 24 1176
1 25 533
1 26 473
1 27 478
1 28 677
1 29 890
1 30 1206
1 31 196
1 32 786
1 33 724
1 34 1092
1 35 564
1 36 865
1 37 346
1 38 639
1 39 108
1 40 1203
1 41 388
1 42 259
1 43 151
1 44 553
1 45 421
1 46 842
1 47 178
1 48 993
1 49 382
2 3 913
2 4 1058
2 5 745
2 6 1221
2 7 395
2 8 1007
2 9 40
2 10 1216
2 11 53
2 12 293
2 13 1066
2 14 420
2 15 241
2 16 450
2 17 1134
2 18 268
2 19 204
2 20 431
2 21 611
2 22 191
2 23 769
2 24 807
2 25 768
2 26 145
2 27 880
2 28 141
2 29 1063
2 30 163
2 31 48
2 32 371
2 33 575
2 34 773
2 35 105
2 36 753
2 37 758
2 38 161
2 39 1224
2 40 765
2 41 176
2 42 302
2 43 338
2 44 202
2 45 1131
2 46 739
2 47 55
2 48 1115
2 49 638
3 4 646
3 5 192
3 6 1082
3 7 164
3 8 907
3 9 193
3 10 977
3 11 1030
3 12 477
3 13 1129
3 14 626
3 15 324
3 16 1171
3 17 375
3 18 428
3 19 1173
3 20 466
3 21 392
3 22 1198
3 23 130
3 24 21
3 25 8
3 26 562
3 27 322
3 28 748
3 29 52
3 30 1138
3 31 275
3 32 1027
3 33 1204
3 34 984
3 35 295
3 36 142
3 37 781
3 38 867
3 39 1057
3 40 1169
3 41 854
3 42 499
3 43 265
3 44 1166
3 45 675
3 46 424
3 47 1067
3 48 215
3 49 810
4 5 937
4 6 258
4 7 802
4 8 1008
4 9 895
4 10 752
4 11 1000
4 12 39
4 13 874
4 14 841
4 15 97
4 16 411
4 17 864
4 18 498
4 19 678
4 20 362
4 21 244
4 22 944
4 23 679
4 24 379
4 25 916
4 26 507
4 27 1144
4 28 1052
4 29 832
4 30 109
4 31 1033
4 32 764
4 33 741
4 34 730
4 35 973
4 36 712
4 37 1205
4 38 834
4 39 131
4 40 1037
4 41 850
4 42 989
4 43 287
4 44 31
4 45 1035
4 46 1076
4 47 480
4 48 102
4 49 330
5 6 232
5 7 579
5 8 1049
5 9 711
5 10 397
5 11 32
5 12 1184
5 13 370
5 14 831
5 15 1192
5 16 1220
5 17 67
5 18 1201
5 19 771
5 20 808
5 21 181
5 22 1191
5 23 24
5 24 622
5 25 532
5 26 1126
5 27 47
5 28 389
5 29 510
5 30 804
5 31 504
5 32 860
5 33 691
5 34 286
5 35 645
5 36 1179
5 37 41
5 38 555
5 39 900
5 40 506
5 41 809
5 42 698
5 43 971
5 44 257
5 45 1151
5 46 951
5 47 1070
5 48 137
5 49 929
6 7 159
6 8 534
6 9 517
6 10 175
6 11 964
6 12 169
6 13 565
6 14 1106
6 15 696
6 16 250
6 17 132
6 18 910
6 19 1004
6 20 206
6 21 1074
6 22 391
6 23 791
6 24 817
6 25 992
6 26 538
6 27 380
6 28 149
6 29 636
6 30 574
6 31 327
6 32 240
6 33 165
6 34 1185
6 35 1208
6 36 797
6 37 563
6 38 912
6 39 414
6 40 123
6 41 933
6 42 1001
6 43 816
6 44 1196
6 45 207
6 46 443
6 47 1130
6 48 381
6 49 430
7 8 720
7 9 496
7 10 2
7 11 476
7 12 189
7 13 162
7 14 1013
7 15 582
7 16 583
7 17 106
7 18 451
7 19 1125
7 20 372
7 21 135
7 22 458
7 23 674
7 24 920
7 25 935
7 26 429
7 27 953
7 28 396
7 29 536
7 30 566
7 31 1112
7 32 1032
7 33 543
7 34 150
7 35 423
7 36 16
7 37 699
7 38 1020
7 39 587
7 40 519
7 41 419
7 42 1188
7 43 852
7 44 297
7 45 1202
7 46 1103
7 47 490
7 48 503
7 49 27
8 9 1041
8 10 978
8 11 87
8 12 551
8 13 557
8 14 647
8 15 34
8 16 584
8 17 759
8 18 38
8 19 580
8 20 1133
8 21 873
8 22 787
8 23 100
8 24 13
8 25 1042
8 26 588
8 27 656
8 28 354
8 29 803
8 30 783
8 31 930
8 32 1120
8 33 1019
8 34 385
8 35 292
8 36 435
8 37 676
8 38 80
8 39 484
8 40 591
8 41 360
8 42 283
8 43 89
8 44 270
8 45 399
8 46 539
8 47 350
8 48 1110
8 49 98
9 10 762
9 11 1160
9 12 633
9 13 617
9 14 861
9 15 214
9 16 983
9 17 125
9 18 236
9 19 813
9 20 185
9 21 671
9 22 581
9 23 651
9 24 1156
9 25 716
9 26 879
9 27 846
9 28 219
9 29 505
9 30 325
9 31 954
9 32 594
9 33 335
9 34 1083
9 35 778
9 36 263
9 37 231
9 38 58
9 39 514
9 40 1109
9 41 212
9 42 387
9 43 262
9 44 1048
9 45 848
9 46 408
9 47 334
9 48 972
9 49 376
10 11 133
10 12 688
10 13 648
10 14 126
10 15 104
10 16 1219
10 17 1209
10 18 663
10 19 685
10 20 19
10 21 995
10 22 51
10 23 1163
10 24 917
10 25 223
10 26 830
10 27 122
10 28 319
10 29 968
10 30 261
10 31 603
10 32 139
10 33 1175
10 34 523
10 35 5
10 36 906
10 37 740
10 38 561
10 39 547
10 40 1079
10 41 14
10 42 84
10 43 838
10 44 619
10 45 621
10 46 218
10 47 570
10 48 826
10 49 1069
11 12 896
11 13 665
11 14 1028
11 15 491
11 16 902
11 17 894
11 18 589
11 19 1023
11 20 173
11 21 743
11 22 1207
11 23 942
11 24 747
11 25 124
11 26 256
11 27 899
11 28 922
11 29 751
11 30 1072
11 31 329
11 32 417
11 33 784
11 34 1211
11 35 750
11 36 260
11 37 1223
11 38 655
11 39 637
11 40 908
11 41 976
11 42 1168
11 43 693
11 44 997
11 45 99
11 46 1113
11 47 703
11 48 888
11 49 1167
12 13 224
12 14 437
12 15 10
12 16 1153
12 17 726
12 18 1034
12 19 285
12 20 230
12 21 78
12 22 203
12 23 593
12 24 276
12 25 255
12 26 483
12 27 653
12 28 687
12 29 1145
12 30 252
12 31 952
12 32 494
12 33 690
12 34 892
12 35 705
12 36 777
12 37 642
12 38 770
12 39 729
12 40 569
12 41 1014
12 42 967
12 43 12
12 44 990
12 45 243
12 46 410
12 47 1182
12 48 839
12 49 1157
13 14 74
13 15 856
13 16 994
13 17 209
13 18 228
13 19 598
13 20 281
13 21 541
13 22 572
13 23 457
13 24 1132
13 25 704
13 26 941
13 27 681
13 28 652
13 29 177
13 30 115
13 31 926
13 32 1172
13 33 266
13 34 1136
13 35 44
13 36 897
13 37 627
13 38 623
13 39 630
13 40 221
13 41 1036
13 42 152
13 43 83
13 44 493
13 45 928
13 46 251
13 47 233
13 48 432
13 49 1056
14 15 893
14 16 607
14 17 666
14 18 401
14 19 806
14 20 1015
14 21 697
14 22 311
14 23 61
14 24 776
14 25 819
14 26 1075
14 27 1146
14 28 20
14 29 733
14 30 782
14 31 156
14 32 489
14 33 59
14 34 654
14 35 120
14 36 613
14 37 683
14 38 599
14 39 512
14 40 618
14 41 914
14 42 987
14 43 949
14 44 305
14 45 518
14 46 306
14 47 70
14 48 870
14 49 1064
15 16 172
15 17 881
15 18 129
15 19 368
15 20 447
15 21 378
15 22 407
15 23 71
15 24 918
15 25 402
15 26 277
15 27 526
15 28 1212
15 29 57
15 30 559
15 31 253
15 32 882
15 33 847
15 34 471
15 35 18
15 36 56
15 37 359
15 38 833
15 39 524
15 40 201
15 41 866
15 42 509
15 43 226
15 44 60
15 45 1047
15 46 818
15 47 948
15 48 988
15 49 855
16 17 393
16 18 982
16 19 766
16 20 604
16 21 190
16 22 11
16 23 1031
16 24 481
16 25 237
16 26 1135
16 27 412
16 28 1077
16 29 710
16 30 153
16 31 242
16 32 344
16 33 558
16 34 182
16 35 363
16 36 805
16 37 923
16 38 119
16 39 746
16 40 1189
16 41 1200
16 42 77
16 43 45
16 44 291
16 45 556
16 46 763
16 47 434
16 48 1088
16 49 955
17 18 160
17 19 643
17 20 515
17 21 1105
17 22 289
17 23 30
17 24 1217
17 25 500
17 26 1152
17 27 872
17 28 35
17 29 1021
17 30 479
17 31 961
17 32 93
17 33 959
17 34 465
17 35 790
17 36 364
17 37 725
17 38 537
17 39 26
17 40 404
17 41 342
17 42 79
17 43 775
17 44 456
17 45 438
17 46 609
17 47 734
17 48 216
17 49 247
18 19 245
18 20 531
18 21 812
18 22 859
18 23 1117
18 24 75
18 25 217
18 26 966
18 27 326
18 28 1098
18 29 661
18 30 672
18 31 88
18 32 174
18 33 625
18 34 927
18 35 313
18 36 970
18 37 1195
18 38 947
18 39 761
18 40 1089
18 41 684
18 42 1193
18 43 314
18 44 1012
18 45 81
18 46 877
18 47 356
18 48 1100
18 49 351
19 20 991
19 21 1051
19 22 352
19 23 667
19 24 1084
19 25 307
19 26 467
19 27 279
19 28 868
19 29 714
19 30 545
19 31 785
19 32 200
19 33 673
19 34 107
19 35 586
19 36 441
19 37 1180
19 38 103
19 39 851
19 40 702
19 41 1154
19 42 827
19 43 339
19 44 114
19 45 891
19 46 664
19 47 349
19 48 1186
19 49 309
20 21 1038
20 22 614
20 23 1102
20 24 548
20 25 911
20 26 670
20 27 1101
20 28 113
20 29 138
20 30 1199
20 31 1097
20 32 148
20 33 294
20 34 394
20 35 267
20 36 909
20 37 254
20 38 22
20 39 1178
20 40 835
20 41 721
20 42 331
20 43 635
20 44 1108
20 45 883
20 46 1124
20 47 689
20 48 615
20 49 1093
21 22 188
21 23 249
21 24 168
21 25 1040
21 26 1099
21 27 732
21 28 501
21 29 668
21 30 717
21 31 345
21 32 1094
21 33 1122
21 34 885
21 35 823
21 36 981
21 37 63
21 38 1214
21 39 46
21 40 542
21 41 110
21 42 1104
21 43 796
21 44 610
21 45 1029
21 46 731
21 47 76
21 48 597
21 49 158
22 23 513
22 24 227
22 25 521
22 26 1
22 27 1150
22 28 316
22 29 23
22 30 497
22 31 90
22 32 798
22 33 167
22 34 383
22 35 355
22 36 595
22 37 374
22 38 550
22 39 568
22 40 680
22 41 1158
22 42 549
22 43 406
22 44 472
22 45 905
22 46 596
22 47 634
22 48 641
22 49 828
23 24 282
23 25 409
23 26 573
23 27 522
23 28 54
23 29 849
23 30 869
23 31 333
23 32 486
23 33 957
23 34 199
23 35 760
23 36 65
23 37 347
23 38 482
23 39 94
23 40 650
23 41 121
23 42 529
23 43 1087
23 44 1085
23 45 814
23 46 1045
23 47 669
23 48 1009
23 49 134
24 25 1055
24 26 789
24 27 284
24 28 934
24 29 1187
24 30 449
24 31 887
24 32 112
24 33 649
24 34 508
24 35 300
24 36 707
24 37 179
24 38 340
24 39 343
24 40 1218
24 41 474
24 42 845
24 43 140
24 44 1165
24 45 487
24 46 658
24 47 1143
24 48 975
24 49 50
25 26 950
25 27 1018
25 28 601
25 29 171
25 30 452
25 31 234
25 32 433
25 33 728
25 34 836
25 35 718
25 36 92
25 37 590
25 38 940
25 39 400
25 40 1123
25 41 1071
25 42 353
25 43 999
25 44 101
25 45 143
25 46 898
25 47 1025
25 48 723
25 49 939
26 27 157
26 28 386
26 29 337
26 30 919
26 31 321
26 32 801
26 33 713
26 34 960
26 35 738
26 36 210
26 37 308
26 38 767
26 39 979
26 40 943
26 41 1210
26 42 1183
26 43 116
26 44 246
26 45 1005
26 46 1147
26 47 403
26 48 1225
26 49 774
27 28 1116
27 29 544
27 30 422
27 31 884
27 32 442
27 33 788
27 34 166
27 35 657
27 36 820
27 37 315
27 38 320
27 39 495
27 40 932
27 41 413
27 42 405
27 43 946
27 44 1128
27 45 956
27 46 1127
27 47 1011
27 48 998
27 49 280
28 29 198
28 30 398
28 31 1016
28 32 1039
28 33 921
28 34 1017
28 35 815
28 36 3
28 37 576
28 38 17
28 39 1046
28 40 235
28 41 525
28 42 183
28 43 272
28 44 303
28 45 273
28 46 915
28 47 578
28 48 377
28 49 4
29 30 799
29 31 811
29 32 829
29 33 821
29 34 390
29 35 468
29 36 454
29 37 1061
29 38 1022
29 39 694
29 40 965
29 41 328
29 42 742
29 43 1059
29 44 33
29 45 7
29 46 719
29 47 425
29 48 1060
29 49 585
30 31 530
30 32 1080
30 33 66
30 34 358
30 35 128
30 36 1003
30 37 756
30 38 278
30 39 186
30 40 1006
30 41 299
30 42 1141
30 43 15
30 44 485
30 45 592
30 46 111
30 47 1142
30 48 187
30 49 727
31 32 439
31 33 1215
31 34 1081
31 35 700
31 36 95
31 37 461
31 38 317
31 39 527
31 40 736
31 41 426
31 42 824
31 43 222
31 44 701
31 45 660
31 46 644
31 47 1054
31 48 779
31 49 1096
32 33 1177
32 34 1118
32 35 962
32 36 310
32 37 154
32 38 1010
32 39 853
32 40 628
32 41 546
32 42 238
32 43 1073
32 44 974
32 45 29
32 46 86
32 47 875
32 48 1062
32 49 722
33 34 1091
33 35 757
33 36 1162
33 37 735
33 38 624
33 39 692
33 40 459
33 41 369
33 42 1026
33 43 794
33 44 445
33 45 136
33 46 552
33 47 567
33 48 901
33 49 1139
34 35 659
34 36 264
34 37 528
34 38 62
34 39 239
34 40 889
34 41 682
34 42 706
34 43 37
34 44 85
34 45 492
34 46 336
34 47 780
34 48 862
34 49 878
35 36 290
35 37 1149
35 38 213
35 39 640
35 40 792
35 41 470
35 42 170
35 43 1121
35 44 1197
35 45 958
35 46 571
35 47 229
35 48 800
35 49 737
36 37 288
36 38 220
36 39 1137
36 40 755
36 41 822
36 42 938
36 43 455
36 44 298
36 45 520
36 46 886
36 47 453
36 48 436
36 49 840
37 38 488
37 39 608
37 40 36
37 41 25
37 42 969
37 43 43
37 44 49
37 45 197
37 46 616
37 47 1194
37 48 1190
37 49 600
38 39 357
38 40 205
38 41 605
38 42 631
38 43 844
38 44 1222
38 45 1050
38 46 147
38 47 1090
38 48 195
38 49 931
39 40 269
39 41 211
39 42 1174
39 43 1024
39 44 304
39 45 68
39 46 184
39 47 540
39 48 1068
39 49 715
40 41 709
40 42 301
40 43 749
40 44 6
40 45 323
40 46 427
40 47 1043
40 48 1181
40 49 367
41 42 82
41 43 1078
41 44 348
41 45 1213
41 46 460
41 47 366
41 48 9
41 49 96
42 43 871
42 44 463
42 45 754
42 46 118
42 47 42
42 48 1164
42 49 924
43 44 271
43 45 560
43 46 1044
43 47 64
43 48 904
43 49 925
44 45 469
44 46 440
44 47 825
44 48 72
44 49 1159
45 46 876
45 47 996
45 48 602
45 49 858
46 47 1161
46 48 535
46 49 475
47 48 69
47 49 1140
48 49 194
